((("HS256" .
   [0 0 1 0 0])
  ("axis" .
   [1 0 0 0])
  ("size" .
   [2 0 0 0])
  ("randint" .
   [0 0 0 1 0 0 0])
  ("array" .
   [0 0 0 0 6])
  ("None" .
   [0 1 1 0])
  ("split" .
   [2 0 0 1 0])
  ("course_name" .
   [0 0 0 0 1 1 1 0 0 0 0])
  ("headers" .
   [1 0 0 0 0 0 0])
  ("post" .
   [1 0 0 0])
  ("HEADERS" .
   [0 0 1 1 0 0 0])
  ("auth_token" .
   [0 0 0 0 1 0 0 0 0 0])
  ("dl" .
   [1 0])
  ("CSS_SELECTOR" .
   [0 0 0 1 0 0 0 0 0 0 0 0])
  ("ID" .
   [1 0])
  ("driver" .
   [4 0 0 0 0 0])
  ("requests" .
   [1 0 0 0 0 0 0 0])
  ("r" .
   [1])
  ("download_latest" .
   [0 0 0 0 1 0 0 0 0 0 0 0 0 0 0])
  ("sleep" .
   [1 0 0 0 0])
  ("open" .
   [0 0 0 1])
  ("webbrowser" .
   [0 0 0 1 0 0 0 0 0 0])
  ("AZ" .
   [1 0])
  ("lxml_tree" .
   [0 0 0 0 1 0 0 0 0])
  ("get_dlink" .
   [0 0 1 1 0 0 0 0 0])
  ("download_link" .
   [1 0 0 2 3 0 0 0 0 0 0 0 0])
  ("dlinks" .
   [4 0 0 0 0 0])
  ("link" .
   [3 0 0 0])
  ("url" .
   [10 0 0])
  ("dlink" .
   [6 0 0 0 1])
  ("movie_elements" .
   [0 0 0 0 0 0 0 0 1 0 0 0 0 0])
  ("i" .
   [1])
  ("text" .
   [1 0 0 0])
  ("cssselect" .
   [0 0 0 0 1 0 0 0 1])
  ("tree" .
   [4 0 0 0])
  ("system" .
   [0 0 0 0 1 1])
  ("sys" .
   [1 0 0])
  ("o" .
   [1])
  ("video_urls" .
   [0 0 0 0 1 0 0 0 0 0])
  ("one" .
   [1 0 0])
  ("fill" .
   [0 0 1 0])
  ("full" .
   [0 0 1 0])
  ("random" .
   [0 0 0 1 0 0])
  ("raw_input" .
   [0 0 1 0 0 0 0 0 0])
  ("no" .
   [2 0])
  ("nd" .
   [1 0])
  ("log" .
   [1 0 1])
  ("values" .
   [1 0 0 0 0 0])))
